SERVICE_ID,BLOCK_ID,PULLOUTTIME,PULLINTIME
2,101,12120,82920
2,102,13440,70980
2,103,13920,90840
2,104,21540,89040
2,105,22020,90660
2,106,22440,84480
2,107,24240,81240
2,301,13200,81720
2,302,15000,81960
2,303,21300,82620
2,304,21780,67680
2,305,23100,90960
2,351,58200,90960
2,501,14580,80220
2,502,19320,92040
2,901,13080,82380
2,902,13200,82680
2,903,14880,79980
2,904,15000,80640
2,905,21180,90480
2,906,21300,90780
2,907,22980,88980
2,908,23100,88680
2,909,23880,81780
2,1301,13680,68580
2,1302,14880,91680
2,1303,16080,88080
2,1304,17280,34980
2,1305,18480,89880
2,1306,24780,89940
2,1307,57180,80280
2,1501,12720,94320
2,1502,12420,94320
2,1503,13920,81120
2,1504,13620,81120
2,1505,15120,92520
2,1506,14820,92520
2,1601,12420,88980
2,1602,13620,80460
2,1603,14820,91980
2,1604,16020,81180
2,1605,24180,90060
2,1606,23220,90780
2,1701,13200,67560
2,1702,12300,35940
2,1703,14400,81360
2,1704,13500,81300
2,1705,15600,94500
2,1706,14700,70080
2,1707,23100,92700
2,1708,24000,93960
2,1709,57900,90900
2,1710,59400,92160
2,1801,12720,91800
2,1802,13920,89160
2,1803,15780,90000
2,1804,15120,90960
2,1805,16980,66960
2,1806,16320,83160
2,1807,17520,93960
2,1808,18720,81000
2,1809,25920,92760
2,2001,12360,90960
2,2002,15000,92700
2,2003,13560,81360
2,2004,16200,68820
2,2005,14760,90300
2,2006,17400,35700
2,2007,15960,33060
2,2008,17160,81300
2,2009,26100,87360
2,2010,26760,71700
2,2011,54120,92760
2,2012,58500,89160
2,2201,11700,94260
2,2202,11400,90660
2,2203,12900,84120
2,2204,12600,71340
2,2205,14100,92520
2,2206,13800,92460
2,2207,15300,94320
2,2208,23700,37680
2,2251,54900,81660
2,2301,13440,81060
2,2302,14700,87780
2,2303,14640,91380
2,2304,15900,92580
2,2305,15840,93180
2,2501,12300,93480
2,2502,14160,81360
2,2503,13500,83280
2,2504,15360,93360
2,2505,14700,91560
2,2701,13500,91680
2,2702,14100,81000
2,2703,14100,90720
2,3001,12540,90900
2,3002,13800,90420
2,3003,14940,80220
2,3801,12120,80640
2,3802,13320,56160
2,3803,13560,82560
2,3804,14520,90240
2,3805,14760,92160
2,3806,15720,92040
2,3807,25560,93060
2,5701,13020,68940
2,5702,14220,82560
2,5703,15240,90360
2,5704,15420,92160
2,5705,16620,91380
2,5706,17820,93180
2,5707,19020,71040
2,5708,22620,35040
2,5709,26220,93960
2,5710,57420,82980
2,10101,12360,36120
2,10102,13440,90600
2,10103,14160,91140
2,10104,15240,89340
2,10105,15960,36300
2,10106,23040,87540
2,10107,23160,92940
2,10108,54240,71220
2,10109,54360,70620
2,10110,56760,69120
2,10201,15060,34140
2,10202,16860,33720
2,10203,21660,66120
2,10204,22020,66540
2,10205,54060,90900
2,10206,54420,89100
2,10301,15900,33720
2,10302,17700,32700
2,10303,22140,66360
2,10304,23400,66060
2,10305,54540,86700
2,10306,53880,88500
2,10401,16560,90660
2,10402,17280,89880
2,10403,18360,34440
2,10404,19080,33720
2,10405,22560,91680
2,10406,23280,66120
2,10451,54960,92460
2,10452,55680,68160
2,10601,15120,91140
2,10602,15120,34440
2,10603,22020,66960
2,10604,21720,91200
2,10605,54120,67920
2,10801,13320,90120
2,10802,15120,34080
2,10803,15120,34140
2,10804,16920,90180
2,10805,22920,91980
2,10806,22920,91920
2,10851,55320,67740
2,10852,55320,67800
2,10901,14580,67080
2,10902,16380,34440
2,10903,18180,91140
2,10904,22080,67800
2,10905,25560,35520
2,10951,53160,90300
2,10952,55560,89340
2,11401,17280,89820
2,11402,17700,89760
2,11403,18480,33540
2,11404,19680,66060
2,11405,22080,33540
2,11406,23280,66060
2,11407,55680,91620
2,11408,55680,88020
2,12201,14100,90540
2,12202,20700,35340
2,12251,54900,69540
2,12801,12780,66480
2,12802,14580,33660
2,12803,16380,89820
2,12804,21720,65580
2,12805,23820,34800
2,12851,55920,90720
2,12852,56820,91740
2,14101,13680,34020
2,14102,13620,91380
2,14103,15480,33360
2,14104,15420,91620
2,14105,24480,89700
2,14106,54720,89580
2,14107,55680,65760
2,14501,13020,88680
2,14502,15120,68100
2,14503,16920,70260
2,14504,18720,69420
2,14505,22920,35220
2,14506,23280,35520
2,14507,54120,92280
2,14508,55680,90480
2,14509,59280,90300
2,14701,14820,93180
2,14702,15720,91380
2,14703,16620,87780
2,14704,17520,35460
2,14705,18420,66600
2,14706,23520,89580
2,14707,23820,33840
2,14708,54720,90420
2,14709,56220,66420
2,20001,16200,84300
2,20002,16500,83580
2,20003,18900,94440
2,20004,19200,81960
2,20005,17400,35460
2,20006,17100,35220
2,20051,54000,92400
2,20052,54300,91920
2,20201,13500,68520
2,20202,13800,68940
2,20203,15300,93780
2,20204,15600,74460
2,20301,16020,84540
2,20302,17820,39180
2,20351,51300,91380
2,20401,16020,86580
2,20402,15900,71520
2,20501,14400,69300
2,20502,22380,37320
2,20503,23400,91260
2,20504,53400,90900
2,20701,14880,35340
2,20702,17580,85620
2,20703,19320,89220
2,20704,22620,91320
2,20705,23880,33780
2,20706,55200,69600
2,20707,56880,66600
2,21201,16020,90720
2,21202,16320,37380
2,21251,50520,92580
2,21301,18060,91320
2,21302,16260,36180
2,21351,55500,66360
2,21401,13620,91260
2,21402,16020,70320
2,21403,16020,89820
2,21404,17820,34620
2,21451,55620,90120
2,21501,14400,33540
2,21502,16200,88440
2,21503,18000,66000
2,21504,57060,90180
2,21601,13140,89340
2,21602,17040,90960
2,21603,19080,33600
2,21604,22680,37140
2,21651,55080,69600
2,21652,58680,66120
2,21701,15300,90120
2,21702,24660,88320
2,21703,17100,33300
2,21751,55260,65700
2,21801,14820,91740
2,21802,15240,68340
2,21803,13020,92220
2,21804,16920,83040
2,21851,52920,92640
2,21901,15900,92220
2,21902,17700,35760
2,21951,54480,68400
2,22001,17040,35820
2,22002,18840,37620
2,22051,54840,69960
2,22101,13320,89880
2,22102,16920,90660
2,22103,14220,34140
2,22104,14700,34980
2,22151,54720,70080
2,22152,54300,69900
2,22301,15120,91680
2,22302,16920,32400
2,22351,52500,68220
2,22401,15300,67440
2,22402,12600,68580
2,22403,17160,81780
2,22404,19740,93180
2,22405,17100,34200
2,22451,53940,80340
2,22452,58500,91380
2,22601,20100,89700
2,22602,15120,34260
2,22651,53700,70860
2,22701,16080,81120
2,22702,17160,89520
2,22703,16920,67020
2,22704,15480,88560
2,22705,18780,70920
2,22706,26880,93120
2,22707,17280,33480
2,22751,59280,92160
2,22801,13320,93300
2,22802,22320,66420
2,22901,16080,80220
2,22902,16980,65760
2,22903,17280,89220
2,22904,19080,70800
2,22905,16380,92220
2,22906,18780,37260
2,22951,53880,88620
2,22952,59580,92820
2,23001,15480,91080
2,23002,16860,91380
2,23003,17040,64620
2,23004,18660,67680
2,23005,22020,85860
2,23006,16320,32160
2,23007,16980,35340
2,23008,21720,30180
2,23051,50820,90660
2,23052,54000,62820
2,23053,54180,81060
2,23101,16140,68160
2,23102,24840,62760
2,23103,16980,33900
2,23104,17940,30360
2,23151,52140,89520
2,23152,57180,90780
2,23201,15660,68700
2,23202,18600,73440
2,23203,18060,92040
2,23204,22200,92040
2,23205,16800,36420
2,23251,56100,89640
2,23301,13500,35100
2,23302,14460,67620
2,23303,16260,83700
2,23304,18060,76500
2,23305,21660,91800
2,23306,56400,90900
2,23401,15720,48360
2,23402,17520,46680
2,23403,19320,53160
2,23404,17220,39360
2,23421,43320,71760
2,23422,44220,55560
2,23423,49020,75960
2,23451,51720,85560
2,23452,55320,90720
2,23471,71520,91320
2,23501,16080,54180
2,23502,15720,34380
2,23503,25080,37380
2,23521,35280,66840
2,23551,52080,81660
2,23552,57480,91260
2,23601,16320,52080
2,23602,17880,47280
2,23603,32880,54480
2,23604,16080,36540
2,23605,16560,40080
2,23607,18120,34920
2,23621,37680,69120
2,23622,44880,75120
2,23651,49680,85020
2,23652,52080,82020
2,23653,55680,92220
2,23671,72480,91560
2,23701,14040,88680
2,23702,18060,92640
2,23703,19860,86280
2,23704,23340,81480
2,23705,15360,37140
2,23751,53040,69540
2,23801,13800,94200
2,23802,17100,37380
2,23803,16260,72960
2,23804,17400,91560
2,23805,15300,71640
2,23806,15600,35700
2,23851,53400,91800
2,23852,54900,89400
2,23901,15180,91380
2,23902,16080,87780
2,23903,16980,70260
2,23904,17880,77940
2,23905,25080,89940
2,23906,18360,30840
2,23907,18780,35880
2,23951,50940,91680
2,23952,53940,63180
2,23953,54720,65100
2,24101,14820,34440
2,24102,16440,35700
2,24103,16620,46620
2,24104,18240,53820
2,24105,18420,46380
2,24106,23640,37740
2,24107,23820,39180
2,24121,35640,68280
2,24122,35820,68580
2,24123,43020,73800
2,24124,45240,81000
2,24151,52440,89400
2,24152,56220,82920
2,24153,57840,88920
2,24171,72840,92520
2,24201,17820,92220
2,24202,19620,81840
2,24301,15900,35520
2,24302,19200,91740
2,24303,53280,80160
2,24401,15600,91740
2,24402,17400,82140
2,24501,16020,91260
2,24502,17820,68760
2,24503,15900,92040
2,24504,17700,34920
2,24505,19620,36660
2,24551,53820,70800
2,24552,54600,82440
2,24701,12420,69120
2,24702,13260,82680
2,24703,14820,34620
2,24704,18900,82080
2,24705,21420,92220
2,24706,53820,91020
2,24901,15000,74640
2,24902,22500,87540
2,24903,17700,36660
2,24951,54900,90840
2,25001,13800,67620
2,25002,13500,67380
2,25003,15600,34800
2,25004,15300,92340
2,25005,24600,92160
2,25051,55200,82740
2,25052,54900,82560
2,25101,16020,75180
2,25102,17820,91380
2,30601,17400,30720
2,30602,21000,30900
2,30603,20340,36840
2,30604,18600,31860
2,30605,18540,35040
2,30606,19800,33060
2,30651,42180,68400
2,30652,52140,66540
2,30653,53940,70740
2,30654,56340,69600
2,30655,57540,70800
2,30656,58740,72000
2,30801,16920,35220
2,30802,17520,38520
2,30803,18720,34020
2,30804,19620,35220
2,30805,20820,37320
2,30806,21120,36120
2,30807,22320,37320
2,30851,48960,73320
2,30852,52560,72720
2,30853,52920,74520
2,30854,53760,70980
2,30855,54120,75720
2,30856,54360,72180
2,30857,55320,71820
2,30858,56520,69480
2,88301,22020,56160
2,88302,22320,55440
2,88303,22920,57060
2,88304,23220,56340
2,88351,50820,86340
2,88352,50820,86760
2,88353,51720,85860
2,88354,51720,85140
3,101,13140,89520
3,102,13440,90660
3,103,14940,88860
3,104,34140,73740
3,105,35580,71940
3,106,35940,70140
3,301,13200,90960
3,302,15000,89460
3,303,16800,69660
3,304,33000,91260
3,305,34800,70260
3,501,14580,80220
3,502,19320,92040
3,901,13200,89160
3,902,13080,88920
3,903,15000,69420
3,904,14880,90720
3,905,25680,71820
3,906,33900,72060
3,907,34680,90960
3,908,35700,70140
3,909,36480,70260
3,1301,13680,88440
3,1302,15480,74340
3,1303,17280,70740
3,1304,32880,92040
3,1305,36480,90240
3,1501,12720,94560
3,1502,12420,94380
3,1503,14520,92580
3,1504,14220,71760
3,1505,31920,92760
3,1506,31620,70440
3,1601,12420,89880
3,1602,14220,88740
3,1603,16020,90540
3,1604,17820,92340
3,1605,32820,71940
3,1701,12300,72960
3,1702,14100,92700
3,1703,15900,94500
3,1704,17700,93360
3,1705,19800,71700
3,1706,34200,95160
3,1707,33900,70740
3,1801,12420,88080
3,1802,14220,72120
3,1803,16080,86280
3,1804,16020,69900
3,1805,17820,89520
3,1806,26820,91680
3,1807,34020,89880
3,1808,35280,68700
3,1809,37620,93480
3,2001,12360,92220
3,2002,15000,68220
3,2003,14160,91980
3,2004,16800,90420
3,2005,15960,68880
3,2006,31560,72780
3,2007,34200,88620
3,2008,35160,93780
3,2201,12000,93660
3,2202,12900,94320
3,2203,13800,92520
3,2204,14700,91860
3,2205,15600,71460
3,2206,31200,90720
3,2207,32700,71100
3,2301,13440,92700
3,2302,14700,90900
3,2303,15240,72060
3,2304,37440,91320
3,2501,12300,70560
3,2502,14220,93540
3,2503,14100,91740
3,2504,31620,91560
3,2505,31500,70740
3,2701,14040,70080
3,2702,19920,90480
3,2703,32940,90600
3,3001,12780,91860
3,3002,18720,72000
3,3003,36900,90060
3,3801,12840,51360
3,3802,13500,72120
3,3803,12720,51720
3,3804,13620,68520
3,3805,35520,93000
3,3806,35520,92640
3,3851,48720,92160
3,3852,48720,92460
3,5701,13020,67800
3,5702,18420,72180
3,5703,14820,92160
3,5704,19920,91080
3,5705,16620,93960
3,5706,26040,71760
3,5707,33420,90360
3,5708,35040,92880
3,10101,17040,90780
3,10102,22980,88800
3,10103,15900,90600
3,10104,17700,92400
3,10105,19500,94200
3,10201,16620,90900
3,10202,14820,90480
3,10301,15900,88500
3,10302,17700,90300
3,10401,16560,90660
3,10402,17280,89880
3,10403,18360,92460
3,10404,19080,91680
3,10601,15480,91380
3,10602,17280,91020
3,10801,13320,90120
3,10802,15120,91920
3,10803,15120,91980
3,10804,16920,90180
3,10901,14580,91140
3,10902,16380,90420
3,10903,18180,89340
3,11401,17280,91620
3,11402,18180,88860
3,11403,19080,89820
3,11404,25380,90660
3,12201,14100,90540
3,12801,12780,90180
3,12802,14580,91980
3,12803,16380,91320
3,14101,13680,91980
3,14102,15480,89700
3,14501,15120,88620
3,14502,16920,90420
3,14503,17220,90300
3,14504,18720,92220
3,14701,14820,91200
3,14702,15720,90540
3,14703,16620,93000
3,14704,17520,89400
3,14705,23820,69720
3,20001,15300,94320
3,20002,15600,70860
3,20003,24300,92220
3,20004,34500,91980
3,20051,56400,73320
3,20201,13500,68640
3,20202,13800,93840
3,20203,24600,72840
3,20301,16020,70980
3,20302,32820,91320
3,20401,14460,91320
3,20402,32820,68520
3,20501,15000,90060
3,20502,15180,90900
3,20701,15000,87000
3,20702,17700,91200
3,21201,14100,91080
3,21301,16260,90000
3,21401,13620,91800
3,21402,16020,90360
3,21403,32820,74040
3,21501,17040,90720
3,21502,17460,89580
3,21601,17280,89340
3,21602,15240,91020
3,21701,15660,69780
3,21702,35520,90600
3,21801,15120,90540
3,21802,12360,93840
3,21803,30840,73560
3,21901,17700,93180
3,22001,13980,93540
3,22101,16500,89940
3,22102,16920,90660
3,22301,15120,91560
3,22401,15300,90000
3,22402,18540,92700
3,22403,18780,71700
3,22404,34500,91200
3,22601,15900,89520
3,22701,16080,89520
3,22702,17460,91200
3,22703,18780,78840
3,22704,32880,94800
3,22705,35580,71820
3,22801,13320,90180
3,22802,14220,91620
3,22901,16980,89220
3,22902,16080,88620
3,22903,18780,92220
3,22904,20580,69420
3,22905,35580,92820
3,23001,16980,89580
3,23002,15180,73800
3,23003,15300,91200
3,23004,33780,94800
3,23005,35100,72540
3,23101,16980,90660
3,23102,17820,67020
3,23103,33420,89820
3,23201,15660,71820
3,23202,16800,70560
3,23203,32460,90900
3,23204,33600,92220
3,23301,12900,75180
3,23302,16500,70980
3,23303,34860,91800
3,23304,36300,93600
3,23401,15720,46860
3,23402,16020,45480
3,23403,32520,66060
3,23421,42120,75660
3,23422,42480,74820
3,23451,61320,92220
3,23501,16080,46980
3,23502,32880,63780
3,23551,44880,70860
3,23552,61680,91260
3,23601,16080,44580
3,23602,16620,34260
3,23603,32880,64680
3,23621,40320,62280
3,23622,30720,63060
3,23651,59280,91620
3,23652,58920,91860
3,23653,61680,91980
3,23701,16080,85380
3,23702,14400,92880
3,23703,19680,70980
3,23704,37680,88980
3,23801,15600,90840
3,23802,16260,94440
3,23803,17100,72660
3,23804,32400,93060
3,23901,15180,91380
3,23902,18360,87780
3,23903,18960,91380
3,23904,34920,67260
3,23905,38340,89940
3,24101,15720,45420
3,24102,18240,43020
3,24103,19320,50220
3,24104,32520,64620
3,24105,35040,71700
3,24121,44640,64740
3,24122,42240,73980
3,24123,49440,62220
3,24151,61320,92100
3,24152,61440,90780
3,24153,63840,94380
3,24201,16020,91260
3,24202,31080,69180
3,24301,17400,91740
3,24401,15600,83160
3,24402,17100,88980
3,24501,15600,71640
3,24502,16020,91260
3,24503,32820,92040
3,24701,16020,92520
3,24702,15300,70200
3,24703,26820,74940
3,24704,37620,91740
3,24901,15000,90840
3,24902,17100,91020
3,25001,15600,71880
3,25002,15300,72060
3,25003,32400,92340
3,25004,32100,92160
3,25101,16020,91380
3,88301,22860,56160
3,88302,23160,57960
3,88351,51660,86040
3,88352,53460,86760
3,88401,23160,54180
3,88402,23160,52980
3,88451,50760,85380
3,88452,49560,86580
4,101,13140,89520
4,102,13440,90660
4,103,14940,88860
4,104,34140,73740
4,105,35580,71940
4,106,35940,70140
4,301,13200,90960
4,302,15000,89460
4,303,16800,69660
4,304,33000,91260
4,305,34800,70260
4,501,14580,80220
4,502,19320,92040
4,901,13200,89160
4,902,13080,88920
4,903,15000,69420
4,904,14880,90720
4,905,25680,71820
4,906,33900,72060
4,907,34680,90960
4,908,35700,70140
4,909,36480,70260
4,1301,13680,88440
4,1302,15480,74340
4,1303,17280,70740
4,1304,32880,92040
4,1305,36480,90240
4,1501,12720,94560
4,1502,12420,94380
4,1503,14520,92580
4,1504,14220,71760
4,1505,31920,92760
4,1506,31620,70440
4,1601,12420,89880
4,1602,14220,88740
4,1603,16020,90540
4,1604,17820,92340
4,1605,32820,71940
4,1701,12300,72960
4,1702,14100,92700
4,1703,15900,94500
4,1704,17700,93360
4,1705,19800,71700
4,1706,34200,95160
4,1707,33900,70740
4,1801,12420,88080
4,1802,14220,72120
4,1803,16080,86280
4,1804,16020,69900
4,1805,17820,89520
4,1806,26820,91680
4,1807,34020,89880
4,1808,35280,68700
4,1809,37620,93480
4,2001,12360,92220
4,2002,15000,68220
4,2003,14160,91980
4,2004,16800,90420
4,2005,15960,68880
4,2006,31560,72780
4,2007,34200,88620
4,2008,35160,93780
4,2201,12000,93660
4,2202,12900,94320
4,2203,13800,92520
4,2204,14700,91860
4,2205,15600,71460
4,2206,31200,90720
4,2207,32700,71100
4,2301,13440,92700
4,2302,14700,90900
4,2303,15240,72060
4,2304,37440,91320
4,2501,12300,70560
4,2502,14220,93540
4,2503,14100,91740
4,2504,31620,91560
4,2505,31500,70740
4,2701,14040,70080
4,2702,19920,90480
4,2703,32940,90600
4,3001,12780,91860
4,3002,18720,72000
4,3003,36900,90060
4,3801,12840,51360
4,3802,13500,72120
4,3803,12720,51720
4,3804,13620,68520
4,3805,35520,93000
4,3806,35520,92640
4,3851,48720,92160
4,3852,48720,92460
4,5701,13020,67800
4,5702,18420,72180
4,5703,14820,92160
4,5704,19920,91080
4,5705,16620,93960
4,5706,26040,71760
4,5707,33420,90360
4,5708,35040,92880
4,10101,17040,90780
4,10102,22980,88800
4,10103,15900,90600
4,10104,17700,92400
4,10105,19500,94200
4,10201,16620,90900
4,10202,14820,90480
4,10301,15900,88500
4,10302,17700,90300
4,10401,16560,90660
4,10402,17280,89880
4,10403,18360,92460
4,10404,19080,91680
4,10601,15480,91380
4,10602,17280,91020
4,10801,13320,90120
4,10802,15120,91920
4,10803,15120,91980
4,10804,16920,90180
4,10901,14580,91140
4,10902,16380,90420
4,10903,18180,89340
4,11401,17280,91620
4,11402,18180,88860
4,11403,19080,89820
4,11404,25380,90660
4,12201,14100,90540
4,12801,12780,90180
4,12802,14580,91980
4,12803,16380,91320
4,14101,13680,91980
4,14102,15480,89700
4,14501,15120,88620
4,14502,16920,90420
4,14503,17220,90300
4,14504,18720,92220
4,14701,14820,91200
4,14702,15720,90540
4,14703,16620,93000
4,14704,17520,89400
4,14705,23820,69720
4,20001,15300,94320
4,20002,15600,70860
4,20003,24300,92220
4,20004,34500,91980
4,20051,56400,73320
4,20201,13500,68640
4,20202,13800,93840
4,20203,24600,72840
4,20301,16020,70980
4,20302,32820,91320
4,20401,14460,91320
4,20402,32820,68520
4,20501,15000,90060
4,20502,15180,90900
4,20701,15000,87000
4,20702,17700,91200
4,21201,14100,91080
4,21301,16260,90000
4,21401,13620,91800
4,21402,16020,90360
4,21403,32820,74040
4,21501,17040,90720
4,21502,17460,89580
4,21601,17280,89340
4,21602,15240,91020
4,21701,15660,69780
4,21702,35520,90600
4,21801,15120,90540
4,21802,12360,93840
4,21803,30840,73560
4,21901,17700,93180
4,22001,13980,93540
4,22101,16500,89940
4,22102,16920,90660
4,22301,15120,91560
4,22401,15300,90000
4,22402,18540,92700
4,22403,18780,71700
4,22404,34500,91200
4,22601,15900,89520
4,22701,16080,89520
4,22702,17460,91200
4,22703,18780,78840
4,22704,32880,94800
4,22705,35580,71820
4,22801,13320,90180
4,22802,14220,91620
4,22901,16980,89220
4,22902,16080,88620
4,22903,18780,92220
4,22904,20580,69420
4,22905,35580,92820
4,23001,16980,89580
4,23002,15180,73800
4,23003,15300,91200
4,23004,33780,94800
4,23005,35100,72540
4,23101,16980,90660
4,23102,17820,67020
4,23103,33420,89820
4,23201,15660,71820
4,23202,16800,70560
4,23203,32460,90900
4,23204,33600,92220
4,23301,12900,75180
4,23302,16500,70980
4,23303,34860,91800
4,23304,36300,93600
4,23401,15720,46860
4,23402,16020,45480
4,23403,32520,66060
4,23421,42120,75660
4,23422,42480,74820
4,23451,61320,92220
4,23501,16080,46980
4,23502,32880,63780
4,23551,44880,70860
4,23552,61680,91260
4,23601,16080,44580
4,23602,16620,34260
4,23603,32880,64680
4,23621,40320,62280
4,23622,30720,63060
4,23651,59280,91620
4,23652,58920,91860
4,23653,61680,91980
4,23701,16080,85380
4,23702,14400,92880
4,23703,19680,70980
4,23704,37680,88980
4,23801,15600,90840
4,23802,16260,94440
4,23803,17100,72660
4,23804,32400,93060
4,23901,15180,91380
4,23902,18360,87780
4,23903,18960,91380
4,23904,34920,67260
4,23905,38340,89940
4,24101,15720,45420
4,24102,18240,43020
4,24103,19320,50220
4,24104,32520,64620
4,24105,35040,71700
4,24121,44640,64740
4,24122,42240,73980
4,24123,49440,62220
4,24151,61320,92100
4,24152,61440,90780
4,24153,63840,94380
4,24201,16020,91260
4,24202,31080,69180
4,24301,17400,91740
4,24401,15600,83160
4,24402,17100,88980
4,24501,15600,71640
4,24502,16020,91260
4,24503,32820,92040
4,24701,16020,92520
4,24702,15300,70200
4,24703,26820,74940
4,24704,37620,91740
4,24901,15000,90840
4,24902,17100,91020
4,25001,15600,71880
4,25002,15300,72060
4,25003,32400,92340
4,25004,32100,92160
4,25101,16020,91380
4,88301,33660,68040
4,88302,33960,68760
4,88401,33660,67680
4,88402,33960,68880
11,60001,13710,92070
11,60002,10800,86970
11,60003,15600,83070
11,60004,13080,91410
11,60005,17400,90210
11,60006,14880,88620
11,60007,22800,90270
11,60008,19080,94020
11,60141,12300,89460
11,60142,12750,80970
11,60143,14280,85470
11,60144,14580,90420
11,60145,16380,81870
11,60146,17280,92910
11,60147,18180,93870
11,60148,19380,92220
11,60149,21780,91110
11,60261,12120,84690
11,60262,14070,92910
11,60263,13920,91110
11,60264,15870,84570
11,60265,15570,80910
11,60266,17670,92490
11,60267,18120,90690
11,60268,18840,94290
11,60269,21300,89310
11,60381,9990,82290
11,60382,12390,86010
11,60383,13650,81960
11,60384,14190,87210
11,60385,22770,86520
11,60386,16710,89910
11,60387,19680,84510
11,60388,21450,94620
11,60389,22600,92040
11,60390,20370,73800
11,60391,15990,82140
11,62031,18540,88080
11,62032,19620,86460
11,66101,17640,88020
11,66102,21240,91620
11,66103,19020,89220
11,66401,15000,88500
11,66402,18600,92100
11,66403,22200,84900
19,60001,13710,92070
19,60002,10800,86820
19,60003,15600,83070
19,60004,13080,91410
19,60005,17400,90210
19,60006,14880,88620
19,60007,22800,90270
19,60008,19080,94020
19,60141,12300,89460
19,60142,12780,80970
19,60143,14280,85470
19,60144,14610,90420
19,60145,16410,81870
19,60146,17280,92910
19,60147,18210,93870
19,60148,19380,92220
19,60149,21810,91110
19,60261,12120,84690
19,60262,14070,92910
19,60263,13920,91110
19,60264,15870,84570
19,60265,15570,80910
19,60266,17670,92490
19,60267,18120,90690
19,60268,18840,94290
19,60269,21300,89310
19,60381,9990,89910
19,60382,12390,82290
19,60383,14190,83460
19,60384,15990,84510
19,60385,17790,87210
19,60386,19680,93510
19,60387,18570,84420
19,60388,13650,94620
19,60389,20370,86520
19,60390,21450,82620
19,62031,18540,88080
19,62032,19620,86460
19,66101,17640,88020
19,66102,21240,91620
19,66103,19020,89220
19,66401,15000,88500
19,66402,18600,92100
19,66403,22200,84900
20,60001,13710,92070
20,60002,10800,86970
20,60003,15600,83070
20,60004,13080,91410
20,60005,17400,90210
20,60006,14880,88620
20,60007,22800,90270
20,60008,19080,94020
20,60141,12300,89460
20,60142,12750,80970
20,60143,14280,85470
20,60144,14580,90420
20,60145,16380,81870
20,60146,17280,92910
20,60147,18180,93870
20,60148,19380,92220
20,60149,21780,91110
20,60261,12120,84690
20,60262,0,92910
20,60263,13920,91110
20,60264,15870,84570
20,60265,15570,80910
20,60266,17670,92490
20,60267,18120,90690
20,60268,18840,94290
20,60269,21300,89310
20,60381,9990,89910
20,60382,12390,82290
20,60383,14190,83460
20,60384,15990,84510
20,60385,17790,87210
20,60386,18270,93510
20,60387,18570,84420
20,60388,13650,94620
20,60389,20370,86520
20,60390,21450,82620
20,62031,18540,88080
20,62032,19620,86460
20,66401,15000,88500
20,66402,18600,92100
20,66403,22200,84900
21,60001,13710,92070
21,60002,14820,82920
21,60003,15600,83070
21,60004,16920,93120
21,60005,17400,90210
21,60006,18720,84720
21,60007,22800,90270
21,60008,22920,90120
21,60141,12300,89460
21,60142,12750,80970
21,60143,14280,85470
21,60144,14580,90420
21,60145,16380,81870
21,60146,17280,92910
21,60147,18180,93870
21,60148,19380,92220
21,60149,21780,91110
21,60261,12120,84690
21,60262,14070,92910
21,60263,13920,91110
21,60264,15870,84570
21,60265,15570,80910
21,60266,17670,92490
21,60267,18120,90690
21,60268,18840,94290
21,60269,21300,94320
21,60381,9990,93510
21,60382,12390,84510
21,60383,13650,81720
21,60384,14190,86010
21,60385,15990,87210
21,60386,17820,80700
21,60387,17790,89910
21,60388,18120,31920
21,60389,18570,86520
21,60390,20370,72300
21,60391,21390,91710
21,60392,54720,81120
21,62031,18540,87660
21,62032,19620,86760
21,66101,14280,0
21,66102,14640,88620
21,66103,16080,38220
21,66104,16440,37020
21,66105,17880,0
21,66106,18240,34620
21,66107,52020,74220
21,66108,55620,73020
21,66109,59220,70620
21,66401,11400,66900
21,66402,15000,70500
21,66403,16800,34500
21,66404,18600,84900
21,66405,22200,30900
21,66406,51000,88500
21,66407,54600,92100
902,88411,22320,56280
902,88412,22320,59880
902,88413,23040,58800
902,88414,23760,59520
902,88415,51360,86160
902,88416,54720,85800
902,88417,54720,84720
902,88418,55440,85440
1002,88401,22320,57720
1002,88402,22320,57060
1002,88403,23040,57780
1002,88404,52560,86580
1002,88405,52560,85140
1002,88406,53280,85860
1521,66101,14280,0
1521,66105,17880,0
1621,66101,14280,90420
1621,66105,17880,94020
